24 10
160 2000 1700 1840
[1, 22, 33, 43, 53, 63, 73, 84, 94, 104]
[1, 22, 32, 42, 51, 61, 71, 81, 91, 100]
 0  2149 26459 - 
	 [0, 0, 0, 0, 0, 0, 0, 4, 46, 133, 216, 286, 328, 339, 322, 254, 60, 66, 63, 23, 9, 0, 0, 0]
	S Esatta    [8, 8, 8, 9, 9, 9, 9, 9, 9, 9, 9, 9, 9, 9, 9, 9, 6, 6, 3, 1, 1, 8, 8, 8] 2074
	S Arduino   [10, 10, 10, 10, 10, 10, 10, 10, 10, 10, 10, 10, 10, 9, 9, 9, 9, 9, 9, 9, 7, 2, 2, 2] 2074 100.0%
 1  2046 10119 - 
	 [0, 0, 0, 0, 0, 0, 0, 0, 41, 148, 226, 251, 328, 261, 296, 297, 55, 69, 51, 23, 0, 0, 0, 0]
	S Esatta    [8, 8, 8, 8, 8, 8, 8, 8, 8, 8, 9, 9, 9, 9, 9, 9, 6, 6, 1, 1, 6, 6, 6, 6] 1980
	S Arduino   [10, 10, 10, 10, 10, 10, 9, 9, 9, 9, 9, 9, 9, 9, 9, 9, 7, 7, 7, 7, 7, 7, 2, 2] 1980 100.0%
 2  2072 6191 - 
	 [0, 0, 0, 0, 0, 0, 0, 0, 40, 142, 239, 286, 328, 339, 260, 254, 38, 66, 57, 23, 0, 0, 0, 0]
	S Esatta    [8, 8, 8, 8, 8, 8, 8, 9, 9, 9, 9, 9, 9, 9, 9, 9, 2, 7, 3, 3, 3, 3, 8, 8] 2000
	S Arduino   [10, 10, 10, 10, 10, 10, 10, 10, 10, 9, 9, 9, 9, 9, 9, 9, 9, 9, 9, 4, 4, 4, 4, 2] 2000 100.0%
 3  2054 5005 - 
	 [0, 0, 0, 0, 0, 0, 0, 0, 46, 133, 216, 283, 219, 339, 322, 281, 60, 69, 64, 22, 0, 0, 0, 0]
	S Esatta    [6, 6, 8, 8, 8, 8, 8, 8, 9, 9, 9, 9, 9, 9, 9, 9, 6, 6, 6, 0, 6, 6, 6, 6] 1986
	S Arduino   [10, 10, 10, 10, 10, 10, 10, 10, 9, 9, 9, 9, 9, 9, 7, 7, 7, 7, 7, 7, 7, 7, 7, 1] 1986 100.0%
 4  1945 4199 - 
	 [0, 0, 0, 0, 0, 0, 0, 0, 46, 115, 157, 286, 285, 342, 341, 154, 67, 66, 63, 23, 0, 0, 0, 0]
	S Esatta    [1, 8, 8, 8, 8, 8, 8, 8, 8, 8, 8, 8, 8, 8, 8, 8, 5, 6, 5, 1, 6, 6, 6, 6] 1886
	S Arduino   [10, 9, 9, 9, 9, 9, 9, 9, 9, 9, 9, 9, 9, 9, 9, 9, 7, 7, 7, 7, 7, 2, 2, 2] 1886 100.0%
 5  2048 3785 - 
	 [0, 0, 0, 0, 0, 0, 0, 0, 50, 133, 216, 286, 196, 396, 322, 254, 36, 67, 69, 23, 0, 0, 0, 0]
	S Esatta    [8, 8, 8, 8, 8, 8, 8, 8, 8, 8, 8, 9, 9, 9, 9, 9, 3, 6, 6, 1, 1, 6, 8, 8] 1982
	S Arduino   [10, 10, 10, 10, 10, 9, 9, 9, 9, 9, 9, 9, 9, 9, 9, 9, 9, 9, 9, 7, 7, 2, 2, 2] 1982 100.0%
 6  1930 3328 - 
	 [0, 0, 0, 0, 0, 0, 0, 0, 49, 150, 257, 337, 285, 240, 286, 152, 52, 69, 39, 14, 0, 0, 0, 0]
	S Esatta    [6, 8, 8, 8, 8, 8, 8, 8, 8, 8, 8, 8, 8, 8, 8, 8, 3, 8, 3, 3, 3, 3, 3, 8] 1870
	S Arduino   [9, 9, 9, 9, 9, 9, 9, 9, 9, 9, 9, 9, 9, 9, 9, 9, 9, 9, 4, 4, 4, 4, 4, 2] 1870 100.0%
 7  1966 3223 - 
	 [0, 0, 0, 0, 0, 0, 0, 0, 46, 85, 216, 323, 282, 227, 322, 254, 60, 66, 66, 19, 0, 0, 0, 0]
	S Esatta    [3, 8, 8, 8, 8, 8, 8, 8, 8, 8, 8, 8, 8, 8, 8, 9, 6, 6, 3, 1, 6, 6, 6, 6] 1906
	S Arduino   [10, 9, 9, 9, 9, 9, 9, 9, 9, 9, 9, 9, 9, 9, 9, 9, 9, 7, 7, 7, 7, 2, 2, 2] 1906 100.0%
 8  2002 3120 - 
	 [0, 0, 0, 0, 0, 0, 0, 0, 46, 133, 179, 245, 328, 339, 322, 198, 60, 66, 63, 23, 0, 0, 0, 0]
	S Esatta    [8, 8, 8, 8, 8, 8, 8, 8, 8, 8, 8, 8, 8, 8, 8, 8, 8, 3, 3, 3, 3, 3, 8, 8] 1939
	S Arduino   [9, 9, 9, 9, 9, 9, 9, 9, 9, 9, 9, 9, 9, 9, 9, 9, 9, 9, 9, 4, 4, 4, 4, 4] 1939 100.0%
 9  2121 3083 - 
	 [0, 0, 0, 0, 0, 0, 0, 0, 35, 133, 216, 254, 328, 406, 270, 254, 66, 66, 74, 19, 0, 0, 0, 0]
	S Esatta    [8, 8, 8, 8, 8, 8, 9, 9, 9, 9, 9, 9, 9, 9, 9, 9, 5, 8, 3, 3, 3, 3, 8, 8] 2048
	S Arduino   [10, 10, 10, 10, 10, 10, 10, 10, 10, 10, 9, 9, 9, 9, 9, 9, 9, 9, 9, 9, 4, 4, 3, 2] 2048 100.0%
Quality (min,max,avg): 100.000, 100.000, 100.000
Time (min,max,avg): 3083.000, 26459.000, 6851.200
