
#----------------------------------------------
K = 24
N = 10
BMIN = 160
BINIT = 1700
BMAX = 2000
BSAMPLING = 1840

c_i = [  1, 22, 33, 43, 53, 63, 73, 84, 94,104]
q_i = [  1, 22, 32, 42, 51, 61, 71, 81, 91,100]
e_i = [  0,  0,  0,  0,  0,  0,  0,  4, 46,133,216,286,328,339,322,254, 60, 66, 63, 23,  9,  0,  0,  0]
E_i = [  0,  0,  0,  0,  0,  0,  0,  4, 46,133,216,286,328,339,322,254, 60, 66, 63, 23,  9,  0,  0,  0]
#----------------------------------------------
it,Energy = 0,2149
E = [0,0,0,0,0,0,0,4,46,133,216,286,328,339,322,254,60,66,63,23,9,0,0,0]
Q = 2074
S = [10,10,10,10,10,10,10,10,10,10,10,10,10,9,9,9,9,9,9,9,7,2,2,2]
Time = 26459
it,Energy = 1,2046
E = [0,0,0,0,0,0,0,0,41,148,226,251,328,261,296,297,55,69,51,23,0,0,0,0]
Q = 1980
S = [10,10,10,10,10,10,9,9,9,9,9,9,9,9,9,9,7,7,7,7,7,7,2,2]
Time = 10119
it,Energy = 2,2072
E = [0,0,0,0,0,0,0,0,40,142,239,286,328,339,260,254,38,66,57,23,0,0,0,0]
Q = 2000
S = [10,10,10,10,10,10,10,10,10,9,9,9,9,9,9,9,9,9,9,4,4,4,4,2]
Time = 6191
it,Energy = 3,2054
E = [0,0,0,0,0,0,0,0,46,133,216,283,219,339,322,281,60,69,64,22,0,0,0,0]
Q = 1986
S = [10,10,10,10,10,10,10,10,9,9,9,9,9,9,7,7,7,7,7,7,7,7,7,1]
Time = 5005
it,Energy = 4,1945
E = [0,0,0,0,0,0,0,0,46,115,157,286,285,342,341,154,67,66,63,23,0,0,0,0]
Q = 1886
S = [10,9,9,9,9,9,9,9,9,9,9,9,9,9,9,9,7,7,7,7,7,2,2,2]
Time = 4199
it,Energy = 5,2048
E = [0,0,0,0,0,0,0,0,50,133,216,286,196,396,322,254,36,67,69,23,0,0,0,0]
Q = 1982
S = [10,10,10,10,10,9,9,9,9,9,9,9,9,9,9,9,9,9,9,7,7,2,2,2]
Time = 3785
it,Energy = 6,1930
E = [0,0,0,0,0,0,0,0,49,150,257,337,285,240,286,152,52,69,39,14,0,0,0,0]
Q = 1870
S = [9,9,9,9,9,9,9,9,9,9,9,9,9,9,9,9,9,9,4,4,4,4,4,2]
Time = 3328
it,Energy = 7,1966
E = [0,0,0,0,0,0,0,0,46,85,216,323,282,227,322,254,60,66,66,19,0,0,0,0]
Q = 1906
S = [10,9,9,9,9,9,9,9,9,9,9,9,9,9,9,9,9,7,7,7,7,2,2,2]
Time = 3223
it,Energy = 8,2002
E = [0,0,0,0,0,0,0,0,46,133,179,245,328,339,322,198,60,66,63,23,0,0,0,0]
Q = 1939
S = [9,9,9,9,9,9,9,9,9,9,9,9,9,9,9,9,9,9,9,4,4,4,4,4]
Time = 3120
it,Energy = 9,2121
E = [0,0,0,0,0,0,0,0,35,133,216,254,328,406,270,254,66,66,74,19,0,0,0,0]
Q = 2048
S = [10,10,10,10,10,10,10,10,10,10,9,9,9,9,9,9,9,9,9,9,4,4,3,2]
Time = 3083
